solid OpenSCAD_Model
  facet normal 0.1125 0.987298 -0.112192
    outer loop
      vertex -4.68625 -1.2053 4.68625
      vertex -5.87858 -1.0833 4.56425
      vertex -4.56466 -1.08371 5.87817
    endloop
  endfacet
  facet normal -0.1125 -0.987298 0.112192
    outer loop
      vertex -4.68625 -1.2053 4.68625
      vertex -4.56466 -1.08371 5.87817
      vertex -5.87858 -1.0833 4.56425
    endloop
  endfacet
  facet normal -0.201043 0.958713 0.201123
    outer loop
      vertex -8.25775 -1.29586 4.7768
      vertex -8.44428 -1.48239 5.4795
      vertex -5.47925 -1.48263 8.44452
    endloop
  endfacet
  facet normal 0.201043 -0.958713 -0.201123
    outer loop
      vertex -8.25775 -1.29586 4.7768
      vertex -5.47925 -1.48263 8.44452
      vertex -8.44428 -1.48239 5.4795
    endloop
  endfacet
  facet normal -0.200918 0.958759 0.20103
    outer loop
      vertex -4.7775 -1.29656 8.25845
      vertex -8.25775 -1.29586 4.7768
      vertex -5.47925 -1.48263 8.44452
    endloop
  endfacet
  facet normal 0.200918 -0.958759 -0.20103
    outer loop
      vertex -4.7775 -1.29656 8.25845
      vertex -5.47925 -1.48263 8.44452
      vertex -8.25775 -1.29586 4.7768
    endloop
  endfacet
  facet normal -0.0814516 0.99333 0.081619
    outer loop
      vertex -5.87858 -1.0833 4.56425
      vertex -8.25775 -1.29586 4.7768
      vertex -4.7775 -1.29656 8.25845
    endloop
  endfacet
  facet normal 0.0814516 -0.99333 -0.081619
    outer loop
      vertex -5.87858 -1.0833 4.56425
      vertex -4.7775 -1.29656 8.25845
      vertex -8.25775 -1.29586 4.7768
    endloop
  endfacet
  facet normal -0.0812504 0.993351 0.0815603
    outer loop
      vertex -4.56466 -1.08371 5.87817
      vertex -5.87858 -1.0833 4.56425
      vertex -4.7775 -1.29656 8.25845
    endloop
  endfacet
  facet normal 0.0812504 -0.993351 -0.0815603
    outer loop
      vertex -4.56466 -1.08371 5.87817
      vertex -4.7775 -1.29656 8.25845
      vertex -5.87858 -1.0833 4.56425
    endloop
  endfacet
  facet normal -0.207579 0.955923 0.207658
    outer loop
      vertex -5.47925 -1.48263 8.44452
      vertex -8.44428 -1.48239 5.4795
      vertex -8.20425 -2.23858 9.20047
    endloop
  endfacet
  facet normal 0.207579 -0.955923 -0.207658
    outer loop
      vertex -5.47925 -1.48263 8.44452
      vertex -8.20425 -2.23858 9.20047
      vertex -8.44428 -1.48239 5.4795
    endloop
  endfacet
  facet normal -0.207653 0.955907 0.20766
    outer loop
      vertex -8.44428 -1.48239 5.4795
      vertex -9.20046 -2.23858 8.20425
      vertex -8.20425 -2.23858 9.20047
    endloop
  endfacet
  facet normal 0.207653 -0.955907 -0.20766
    outer loop
      vertex -8.44428 -1.48239 5.4795
      vertex -8.20425 -2.23858 9.20047
      vertex -9.20046 -2.23858 8.20425
    endloop
  endfacet
  facet normal -0.231911 0.944686 0.231917
    outer loop
      vertex -9.20046 -2.23858 8.20425
      vertex -9.68094 -2.71905 9.68094
      vertex -8.20425 -2.23858 9.20047
    endloop
  endfacet
  facet normal 0.231911 -0.944686 -0.231917
    outer loop
      vertex -9.20046 -2.23858 8.20425
      vertex -8.20425 -2.23858 9.20047
      vertex -9.68094 -2.71905 9.68094
    endloop
  endfacet
  facet normal 0.0654146 -0.995715 -0.0653639
    outer loop
      vertex -33.7624 -30.2814 35.8565
      vertex -35.8564 -30.2816 33.7625
      vertex -33.6041 -30.1232 33.6041
    endloop
  endfacet
  facet normal -0.0654146 0.995715 0.0653639
    outer loop
      vertex -33.7624 -30.2814 35.8565
      vertex -33.6041 -30.1232 33.6041
      vertex -35.8564 -30.2816 33.7625
    endloop
  endfacet
  facet normal 0.000173213 -1 -0.000122204
    outer loop
      vertex -33.7624 -30.2814 35.8565
      vertex -37.2437 -30.2818 33.7627
      vertex -35.8564 -30.2816 33.7625
    endloop
  endfacet
  facet normal -0.000173213 1 0.000122204
    outer loop
      vertex -33.7624 -30.2814 35.8565
      vertex -35.8564 -30.2816 33.7625
      vertex -37.2437 -30.2818 33.7627
    endloop
  endfacet
  facet normal 9.9715e-05 -1 2.74279e-10
    outer loop
      vertex -33.7624 -30.2814 37.2433
      vertex -37.2437 -30.2818 33.7627
      vertex -33.7624 -30.2814 35.8565
    endloop
  endfacet
  facet normal -9.9715e-05 1 -2.74279e-10
    outer loop
      vertex -33.7624 -30.2814 37.2433
      vertex -33.7624 -30.2814 35.8565
      vertex -37.2437 -30.2818 33.7627
    endloop
  endfacet
  facet normal -0.706925 -0.0176947 0.707067
    outer loop
      vertex -35.5245 -28.5627 35.5245
      vertex -37.2437 -30.2818 33.7627
      vertex -33.7624 -30.2814 37.2433
    endloop
  endfacet
  facet normal 0.706925 0.0176947 -0.707067
    outer loop
      vertex -35.5245 -28.5627 35.5245
      vertex -33.7624 -30.2814 37.2433
      vertex -37.2437 -30.2818 33.7627
    endloop
  endfacet
  facet normal -0.987298 -0.1125 -0.112192
    outer loop
      vertex 1.08371 4.56465 5.87818
      vertex 1.0833 5.87859 4.56425
      vertex 1.2053 4.68625 4.68625
    endloop
  endfacet
  facet normal 0.987298 0.1125 0.112192
    outer loop
      vertex 1.08371 4.56465 5.87818
      vertex 1.2053 4.68625 4.68625
      vertex 1.0833 5.87859 4.56425
    endloop
  endfacet
  facet normal -0.277782 0.956294 -0.091316
    outer loop
      vertex -4.7775 -1.29656 8.25845
      vertex -5.47925 -1.48263 8.44452
      vertex -4.63944 -1.15849 9.28434
    endloop
  endfacet
  facet normal 0.277782 -0.956294 0.091316
    outer loop
      vertex -4.7775 -1.29656 8.25845
      vertex -4.63944 -1.15849 9.28434
      vertex -5.47925 -1.48263 8.44452
    endloop
  endfacet
  facet normal -0.401522 0.915345 0.0303848
    outer loop
      vertex -4.63944 -1.15849 9.28434
      vertex -5.38539 -1.5765 12.0193
      vertex -4.78506 -1.30412 11.747
    endloop
  endfacet
  facet normal 0.401522 -0.915345 -0.0303848
    outer loop
      vertex -4.63944 -1.15849 9.28434
      vertex -4.78506 -1.30412 11.747
      vertex -5.38539 -1.5765 12.0193
    endloop
  endfacet
  facet normal -0.389615 0.920335 0.0343953
    outer loop
      vertex -4.63944 -1.15849 9.28434
      vertex -5.47925 -1.48263 8.44452
      vertex -5.38539 -1.5765 12.0193
    endloop
  endfacet
  facet normal 0.389615 -0.920335 -0.0343953
    outer loop
      vertex -4.63944 -1.15849 9.28434
      vertex -5.38539 -1.5765 12.0193
      vertex -5.47925 -1.48263 8.44452
    endloop
  endfacet
  facet normal -0.25889 0.965372 0.0321454
    outer loop
      vertex -5.47925 -1.48263 8.44452
      vertex -8.20425 -2.23858 9.20047
      vertex -5.38539 -1.5765 12.0193
    endloop
  endfacet
  facet normal 0.25889 -0.965372 -0.0321454
    outer loop
      vertex -5.47925 -1.48263 8.44452
      vertex -5.38539 -1.5765 12.0193
      vertex -8.20425 -2.23858 9.20047
    endloop
  endfacet
  facet normal -0.281581 0.951215 0.126102
    outer loop
      vertex -9.68094 -2.71905 9.68094
      vertex -9.92241 -2.96053 10.9632
      vertex -7.82512 -2.61772 13.0605
    endloop
  endfacet
  facet normal 0.281581 -0.951215 -0.126102
    outer loop
      vertex -9.68094 -2.71905 9.68094
      vertex -7.82512 -2.61772 13.0605
      vertex -9.92241 -2.96053 10.9632
    endloop
  endfacet
  facet normal -0.271492 0.954873 0.120452
    outer loop
      vertex -8.20425 -2.23858 9.20047
      vertex -9.68094 -2.71905 9.68094
      vertex -7.82512 -2.61772 13.0605
    endloop
  endfacet
  facet normal 0.271492 -0.954873 -0.120452
    outer loop
      vertex -8.20425 -2.23858 9.20047
      vertex -7.82512 -2.61772 13.0605
      vertex -9.68094 -2.71905 9.68094
    endloop
  endfacet
  facet normal -0.343769 0.930674 0.125174
    outer loop
      vertex -5.38539 -1.5765 12.0193
      vertex -8.20425 -2.23858 9.20047
      vertex -7.82512 -2.61772 13.0605
    endloop
  endfacet
  facet normal 0.343769 -0.930674 -0.125174
    outer loop
      vertex -5.38539 -1.5765 12.0193
      vertex -7.82512 -2.61772 13.0605
      vertex -8.20425 -2.23858 9.20047
    endloop
  endfacet
  facet normal -0.337973 0.922348 0.187212
    outer loop
      vertex -9.92241 -2.96053 10.9632
      vertex -10.2097 -3.71403 14.1569
      vertex -7.82512 -2.61772 13.0605
    endloop
  endfacet
  facet normal 0.337973 -0.922348 -0.187212
    outer loop
      vertex -9.92241 -2.96053 10.9632
      vertex -7.82512 -2.61772 13.0605
      vertex -10.2097 -3.71403 14.1569
    endloop
  endfacet
  facet normal -0.318608 0.928563 0.190421
    outer loop
      vertex -9.92241 -2.96053 10.9632
      vertex -10.7506 -3.78869 13.616
      vertex -10.2097 -3.71403 14.1569
    endloop
  endfacet
  facet normal 0.318608 -0.928563 -0.190421
    outer loop
      vertex -9.92241 -2.96053 10.9632
      vertex -10.2097 -3.71403 14.1569
      vertex -10.7506 -3.78869 13.616
    endloop
  endfacet
  facet normal -0.351327 0.908593 0.225896
    outer loop
      vertex -10.7506 -3.78869 13.616
      vertex -11.1702 -4.20828 14.6511
      vertex -10.2097 -3.71403 14.1569
    endloop
  endfacet
  facet normal 0.351327 -0.908593 -0.225896
    outer loop
      vertex -10.7506 -3.78869 13.616
      vertex -10.2097 -3.71403 14.1569
      vertex -11.1702 -4.20828 14.6511
    endloop
  endfacet
  facet normal -0.95694 -0.0690659 0.28195
    outer loop
      vertex -33.7261 -28.9309 39.3737
      vertex -34.3076 -27.3457 37.7885
      vertex -33.6041 -30.1232 39.4957
    endloop
  endfacet
  facet normal 0.95694 0.0690659 -0.28195
    outer loop
      vertex -33.7261 -28.9309 39.3737
      vertex -33.6041 -30.1232 39.4957
      vertex -34.3076 -27.3457 37.7885
    endloop
  endfacet
  facet normal -0.976979 -0.19675 0.0824691
    outer loop
      vertex -33.6041 -30.1232 39.4957
      vertex -34.3076 -27.3457 37.7885
      vertex -33.7624 -30.2814 37.2433
    endloop
  endfacet
  facet normal 0.976979 0.19675 -0.0824691
    outer loop
      vertex -33.6041 -30.1232 39.4957
      vertex -33.7624 -30.2814 37.2433
      vertex -34.3076 -27.3457 37.7885
    endloop
  endfacet
  facet normal -0.790094 -0.250616 0.559412
    outer loop
      vertex -34.3076 -27.3457 37.7885
      vertex -35.5245 -28.5627 35.5245
      vertex -33.7624 -30.2814 37.2433
    endloop
  endfacet
  facet normal 0.790094 0.250616 -0.559412
    outer loop
      vertex -34.3076 -27.3457 37.7885
      vertex -33.7624 -30.2814 37.2433
      vertex -35.5245 -28.5627 35.5245
    endloop
  endfacet
  facet normal -0.958763 0.200926 0.201005
    outer loop
      vertex 1.48239 8.44428 5.4795
      vertex 1.29656 4.77751 8.25845
      vertex 1.48264 5.47925 8.44452
    endloop
  endfacet
  facet normal 0.958763 -0.200926 -0.201005
    outer loop
      vertex 1.48239 8.44428 5.4795
      vertex 1.48264 5.47925 8.44452
      vertex 1.29656 4.77751 8.25845
    endloop
  endfacet
  facet normal -0.990815 0.109913 0.0787722
    outer loop
      vertex 1.48239 8.44428 5.4795
      vertex 1.08371 4.56465 5.87818
      vertex 1.29656 4.77751 8.25845
    endloop
  endfacet
  facet normal 0.990815 -0.109913 -0.0787722
    outer loop
      vertex 1.48239 8.44428 5.4795
      vertex 1.29656 4.77751 8.25845
      vertex 1.08371 4.56465 5.87818
    endloop
  endfacet
  facet normal -0.966837 0.122389 0.224159
    outer loop
      vertex 1.29586 8.25775 4.7768
      vertex 1.08371 4.56465 5.87818
      vertex 1.48239 8.44428 5.4795
    endloop
  endfacet
  facet normal 0.966837 -0.122389 -0.224159
    outer loop
      vertex 1.29586 8.25775 4.7768
      vertex 1.48239 8.44428 5.4795
      vertex 1.08371 4.56465 5.87818
    endloop
  endfacet
  facet normal -0.99332 0.0814409 0.0817509
    outer loop
      vertex 1.29586 8.25775 4.7768
      vertex 1.0833 5.87859 4.56425
      vertex 1.08371 4.56465 5.87818
    endloop
  endfacet
  facet normal 0.99332 -0.0814409 -0.0817509
    outer loop
      vertex 1.29586 8.25775 4.7768
      vertex 1.08371 4.56465 5.87818
      vertex 1.0833 5.87859 4.56425
    endloop
  endfacet
  facet normal -0.956294 0.277783 -0.0913148
    outer loop
      vertex 1.29656 4.77751 8.25845
      vertex 1.1585 4.63944 9.28433
      vertex 1.48264 5.47925 8.44452
    endloop
  endfacet
  facet normal 0.956294 -0.277783 0.0913148
    outer loop
      vertex 1.29656 4.77751 8.25845
      vertex 1.48264 5.47925 8.44452
      vertex 1.1585 4.63944 9.28433
    endloop
  endfacet
  facet normal -0.427848 0.902964 -0.0400176
    outer loop
      vertex -4.78506 -1.30412 11.747
      vertex -5.38539 -1.5765 12.0193
      vertex -4.7048 -1.22385 12.6999
    endloop
  endfacet
  facet normal 0.427848 -0.902964 0.0400176
    outer loop
      vertex -4.78506 -1.30412 11.747
      vertex -4.7048 -1.22385 12.6999
      vertex -5.38539 -1.5765 12.0193
    endloop
  endfacet
  facet normal -0.488832 0.871273 0.0439038
    outer loop
      vertex -4.7048 -1.22385 12.6999
      vertex -5.27265 -1.68924 15.613
      vertex -5.02223 -1.54129 15.4651
    endloop
  endfacet
  facet normal 0.488832 -0.871273 -0.0439038
    outer loop
      vertex -4.7048 -1.22385 12.6999
      vertex -5.02223 -1.54129 15.4651
      vertex -5.27265 -1.68924 15.613
    endloop
  endfacet
  facet normal -0.492988 0.868986 0.0427284
    outer loop
      vertex -4.7048 -1.22385 12.6999
      vertex -5.38539 -1.5765 12.0193
      vertex -5.27265 -1.68924 15.613
    endloop
  endfacet
  facet normal 0.492988 -0.868986 -0.0427284
    outer loop
      vertex -4.7048 -1.22385 12.6999
      vertex -5.27265 -1.68924 15.613
      vertex -5.38539 -1.5765 12.0193
    endloop
  endfacet
  facet normal -0.377393 0.925151 0.0408639
    outer loop
      vertex -5.38539 -1.5765 12.0193
      vertex -7.82512 -2.61772 13.0605
      vertex -5.27265 -1.68924 15.613
    endloop
  endfacet
  facet normal 0.377393 -0.925151 -0.0408639
    outer loop
      vertex -5.38539 -1.5765 12.0193
      vertex -5.27265 -1.68924 15.613
      vertex -7.82512 -2.61772 13.0605
    endloop
  endfacet
  facet normal -0.42661 0.898933 0.0996175
    outer loop
      vertex -5.27265 -1.68924 15.613
      vertex -7.82512 -2.61772 13.0605
      vertex -7.54226 -2.90057 16.8243
    endloop
  endfacet
  facet normal 0.42661 -0.898933 -0.0996175
    outer loop
      vertex -5.27265 -1.68924 15.613
      vertex -7.54226 -2.90057 16.8243
      vertex -7.82512 -2.61772 13.0605
    endloop
  endfacet
  facet normal -0.378323 0.920513 0.0976104
    outer loop
      vertex -7.82512 -2.61772 13.0605
      vertex -10.2097 -3.71403 14.1569
      vertex -7.54226 -2.90057 16.8243
    endloop
  endfacet
  facet normal 0.378323 -0.920513 -0.0976104
    outer loop
      vertex -7.82512 -2.61772 13.0605
      vertex -7.54226 -2.90057 16.8243
      vertex -10.2097 -3.71403 14.1569
    endloop
  endfacet
  facet normal -0.409158 0.902526 0.134304
    outer loop
      vertex -11.1702 -4.20828 14.6511
      vertex -11.6037 -4.64184 16.2438
      vertex -9.82394 -4.09983 18.0236
    endloop
  endfacet
  facet normal 0.409158 -0.902526 -0.134304
    outer loop
      vertex -11.1702 -4.20828 14.6511
      vertex -9.82394 -4.09983 18.0236
      vertex -11.6037 -4.64184 16.2438
    endloop
  endfacet
  facet normal -0.39979 0.907282 0.130411
    outer loop
      vertex -10.2097 -3.71403 14.1569
      vertex -11.1702 -4.20828 14.6511
      vertex -9.82394 -4.09983 18.0236
    endloop
  endfacet
  facet normal 0.39979 -0.907282 -0.130411
    outer loop
      vertex -10.2097 -3.71403 14.1569
      vertex -9.82394 -4.09983 18.0236
      vertex -11.1702 -4.20828 14.6511
    endloop
  endfacet
  facet normal -0.406527 0.904231 0.130779
    outer loop
      vertex -7.54226 -2.90057 16.8243
      vertex -10.2097 -3.71403 14.1569
      vertex -9.82394 -4.09983 18.0236
    endloop
  endfacet
  facet normal 0.406527 -0.904231 -0.130779
    outer loop
      vertex -7.54226 -2.90057 16.8243
      vertex -9.82394 -4.09983 18.0236
      vertex -10.2097 -3.71403 14.1569
    endloop
  endfacet
  facet normal -0.39637 0.910328 0.119139
    outer loop
      vertex -11.6037 -4.64184 16.2438
      vertex -12.1431 -5.26166 19.1854
      vertex -9.82394 -4.09983 18.0236
    endloop
  endfacet
  facet normal 0.39637 -0.910328 -0.119139
    outer loop
      vertex -11.6037 -4.64184 16.2438
      vertex -9.82394 -4.09983 18.0236
      vertex -12.1431 -5.26166 19.1854
    endloop
  endfacet
  facet normal -0.438875 0.892094 0.107504
    outer loop
      vertex -11.6037 -4.64184 16.2438
      vertex -12.2711 -5.30923 19.0574
      vertex -12.1431 -5.26166 19.1854
    endloop
  endfacet
  facet normal 0.438875 -0.892094 -0.107504
    outer loop
      vertex -11.6037 -4.64184 16.2438
      vertex -12.1431 -5.26166 19.1854
      vertex -12.2711 -5.30923 19.0574
    endloop
  endfacet
  facet normal -0.365502 0.930599 0.0198288
    outer loop
      vertex -12.2711 -5.30923 19.0574
      vertex -12.2775 -5.31561 19.2394
      vertex -12.1431 -5.26166 19.1854
    endloop
  endfacet
  facet normal 0.365502 -0.930599 -0.0198288
    outer loop
      vertex -12.2711 -5.30923 19.0574
      vertex -12.1431 -5.26166 19.1854
      vertex -12.2775 -5.31561 19.2394
    endloop
  endfacet
  facet normal -0.92134 0.0478458 0.385803
    outer loop
      vertex -33.5136 -26.5517 39.5862
      vertex -34.3076 -27.3457 37.7885
      vertex -33.7261 -28.9309 39.3737
    endloop
  endfacet
  facet normal 0.92134 -0.0478458 -0.385803
    outer loop
      vertex -33.5136 -26.5517 39.5862
      vertex -33.7261 -28.9309 39.3737
      vertex -34.3076 -27.3457 37.7885
    endloop
  endfacet
  facet normal -0.955931 0.207597 0.207603
    outer loop
      vertex 2.23858 9.20047 8.20425
      vertex 1.48264 5.47925 8.44452
      vertex 2.23859 8.20424 9.20048
    endloop
  endfacet
  facet normal 0.955931 -0.207597 -0.207603
    outer loop
      vertex 2.23858 9.20047 8.20425
      vertex 2.23859 8.20424 9.20048
      vertex 1.48264 5.47925 8.44452
    endloop
  endfacet
  facet normal -0.955915 0.207598 0.207678
    outer loop
      vertex 2.23858 9.20047 8.20425
      vertex 1.48239 8.44428 5.4795
      vertex 1.48264 5.47925 8.44452
    endloop
  endfacet
  facet normal 0.955915 -0.207598 -0.207678
    outer loop
      vertex 2.23858 9.20047 8.20425
      vertex 1.48264 5.47925 8.44452
      vertex 1.48239 8.44428 5.4795
    endloop
  endfacet
  facet normal -0.92144 0.387235 0.0315905
    outer loop
      vertex 1.48264 5.47925 8.44452
      vertex 1.1585 4.63944 9.28433
      vertex 1.30412 4.78507 11.747
    endloop
  endfacet
  facet normal 0.92144 -0.387235 -0.0315905
    outer loop
      vertex 1.48264 5.47925 8.44452
      vertex 1.30412 4.78507 11.747
      vertex 1.1585 4.63944 9.28433
    endloop
  endfacet
  facet normal -0.915912 0.39989 0.0345494
    outer loop
      vertex 1.48264 5.47925 8.44452
      vertex 1.30412 4.78507 11.747
      vertex 1.5765 5.38539 12.0193
    endloop
  endfacet
  facet normal 0.915912 -0.39989 -0.0345494
    outer loop
      vertex 1.48264 5.47925 8.44452
      vertex 1.5765 5.38539 12.0193
      vertex 1.30412 4.78507 11.747
    endloop
  endfacet
  facet normal -0.965372 0.25889 0.0321458
    outer loop
      vertex 2.23859 8.20424 9.20048
      vertex 1.48264 5.47925 8.44452
      vertex 1.5765 5.38539 12.0193
    endloop
  endfacet
  facet normal 0.965372 -0.25889 -0.0321458
    outer loop
      vertex 2.23859 8.20424 9.20048
      vertex 1.5765 5.38539 12.0193
      vertex 1.48264 5.47925 8.44452
    endloop
  endfacet
  facet normal -0.902964 0.427849 -0.0400188
    outer loop
      vertex 1.30412 4.78507 11.747
      vertex 1.22386 4.7048 12.6999
      vertex 1.5765 5.38539 12.0193
    endloop
  endfacet
  facet normal 0.902964 -0.427849 0.0400188
    outer loop
      vertex 1.30412 4.78507 11.747
      vertex 1.5765 5.38539 12.0193
      vertex 1.22386 4.7048 12.6999
    endloop
  endfacet
  facet normal -0.505202 0.862965 0.00788987
    outer loop
      vertex -5.02223 -1.54129 15.4651
      vertex -5.27265 -1.68924 15.613
      vertex -5.03082 -1.54988 15.8548
    endloop
  endfacet
  facet normal 0.505202 -0.862965 -0.00788987
    outer loop
      vertex -5.02223 -1.54129 15.4651
      vertex -5.03082 -1.54988 15.8548
      vertex -5.27265 -1.68924 15.613
    endloop
  endfacet
  facet normal -0.459111 0.887152 0.0466651
    outer loop
      vertex -5.03082 -1.54988 15.8548
      vertex -7.54226 -2.90057 16.8243
      vertex -5.37301 -1.89207 18.9936
    endloop
  endfacet
  facet normal 0.459111 -0.887152 -0.0466651
    outer loop
      vertex -5.03082 -1.54988 15.8548
      vertex -5.37301 -1.89207 18.9936
      vertex -7.54226 -2.90057 16.8243
    endloop
  endfacet
  facet normal -0.480787 0.8765 -0.0243246
    outer loop
      vertex -5.27265 -1.68924 15.613
      vertex -7.54226 -2.90057 16.8243
      vertex -5.03082 -1.54988 15.8548
    endloop
  endfacet
  facet normal 0.480787 -0.8765 0.0243246
    outer loop
      vertex -5.27265 -1.68924 15.613
      vertex -5.03082 -1.54988 15.8548
      vertex -7.54226 -2.90057 16.8243
    endloop
  endfacet
  facet normal -0.450721 0.892149 0.0303373
    outer loop
      vertex -5.37301 -1.89207 18.9936
      vertex -7.45252 -2.99031 20.395
      vertex -5.39539 -1.91444 19.3192
    endloop
  endfacet
  facet normal 0.450721 -0.892149 -0.0303373
    outer loop
      vertex -5.37301 -1.89207 18.9936
      vertex -5.39539 -1.91444 19.3192
      vertex -7.45252 -2.99031 20.395
    endloop
  endfacet
  facet normal -0.448869 0.892961 0.0337216
    outer loop
      vertex -5.37301 -1.89207 18.9936
      vertex -7.54226 -2.90057 16.8243
      vertex -7.45252 -2.99031 20.395
    endloop
  endfacet
  facet normal 0.448869 -0.892961 -0.0337216
    outer loop
      vertex -5.37301 -1.89207 18.9936
      vertex -7.45252 -2.99031 20.395
      vertex -7.54226 -2.90057 16.8243
    endloop
  endfacet
  facet normal -0.45103 0.891871 0.0337485
    outer loop
      vertex -7.54226 -2.90057 16.8243
      vertex -9.82394 -4.09983 18.0236
      vertex -7.45252 -2.99031 20.395
    endloop
  endfacet
  facet normal 0.45103 -0.891871 -0.0337485
    outer loop
      vertex -7.54226 -2.90057 16.8243
      vertex -7.45252 -2.99031 20.395
      vertex -9.82394 -4.09983 18.0236
    endloop
  endfacet
  facet normal -0.412927 0.910669 -0.0131492
    outer loop
      vertex -9.82394 -4.09983 18.0236
      vertex -9.85819 -4.06559 21.4703
      vertex -7.45252 -2.99031 20.395
    endloop
  endfacet
  facet normal 0.412927 -0.910669 0.0131492
    outer loop
      vertex -9.82394 -4.09983 18.0236
      vertex -7.45252 -2.99031 20.395
      vertex -9.85819 -4.06559 21.4703
    endloop
  endfacet
  facet normal -0.453215 0.891301 -0.013357
    outer loop
      vertex -9.82394 -4.09983 18.0236
      vertex -12.1431 -5.26166 19.1854
      vertex -9.85819 -4.06559 21.4703
    endloop
  endfacet
  facet normal 0.453215 -0.891301 0.013357
    outer loop
      vertex -9.82394 -4.09983 18.0236
      vertex -9.85819 -4.06559 21.4703
      vertex -12.1431 -5.26166 19.1854
    endloop
  endfacet
  facet normal -0.398622 0.91365 -0.0796495
    outer loop
      vertex -12.1431 -5.26166 19.1854
      vertex -12.2775 -5.31561 19.2394
      vertex -9.85819 -4.06559 21.4703
    endloop
  endfacet
  facet normal 0.398622 -0.91365 0.0796495
    outer loop
      vertex -12.1431 -5.26166 19.1854
      vertex -9.85819 -4.06559 21.4703
      vertex -12.2775 -5.31561 19.2394
    endloop
  endfacet
  facet normal -0.368823 0.922142 -0.116722
    outer loop
      vertex -9.85819 -4.06559 21.4703
      vertex -12.2775 -5.31561 19.2394
      vertex -11.6711 -4.70922 22.1139
    endloop
  endfacet
  facet normal 0.368823 -0.922142 0.116722
    outer loop
      vertex -9.85819 -4.06559 21.4703
      vertex -11.6711 -4.70922 22.1139
      vertex -12.2775 -5.31561 19.2394
    endloop
  endfacet
  facet normal -0.944686 0.231911 0.231917
    outer loop
      vertex 2.71906 9.68094 9.68094
      vertex 2.23858 9.20047 8.20425
      vertex 2.23859 8.20424 9.20048
    endloop
  endfacet
  facet normal 0.944686 -0.231911 -0.231917
    outer loop
      vertex 2.71906 9.68094 9.68094
      vertex 2.23859 8.20424 9.20048
      vertex 2.23858 9.20047 8.20425
    endloop
  endfacet
  facet normal -0.954564 0.268549 0.129188
    outer loop
      vertex 2.71906 9.68094 9.68094
      vertex 2.23859 8.20424 9.20048
      vertex 2.96053 9.92242 10.9632
    endloop
  endfacet
  facet normal 0.954564 -0.268549 -0.129188
    outer loop
      vertex 2.71906 9.68094 9.68094
      vertex 2.96053 9.92242 10.9632
      vertex 2.23859 8.20424 9.20048
    endloop
  endfacet
  facet normal -0.953351 0.276637 0.120808
    outer loop
      vertex 2.96053 9.92242 10.9632
      vertex 2.23859 8.20424 9.20048
      vertex 2.61772 7.82511 13.0606
    endloop
  endfacet
  facet normal 0.953351 -0.276637 -0.120808
    outer loop
      vertex 2.96053 9.92242 10.9632
      vertex 2.61772 7.82511 13.0606
      vertex 2.23859 8.20424 9.20048
    endloop
  endfacet
  facet normal -0.930674 0.343769 0.125174
    outer loop
      vertex 2.23859 8.20424 9.20048
      vertex 1.5765 5.38539 12.0193
      vertex 2.61772 7.82511 13.0606
    endloop
  endfacet
  facet normal 0.930674 -0.343769 -0.125174
    outer loop
      vertex 2.23859 8.20424 9.20048
      vertex 2.61772 7.82511 13.0606
      vertex 1.5765 5.38539 12.0193
    endloop
  endfacet
  facet normal -0.868804 0.493277 0.0431093
    outer loop
      vertex 1.5765 5.38539 12.0193
      vertex 1.22386 4.7048 12.6999
      vertex 1.54129 5.02223 15.4651
    endloop
  endfacet
  facet normal 0.868804 -0.493277 -0.0431093
    outer loop
      vertex 1.5765 5.38539 12.0193
      vertex 1.54129 5.02223 15.4651
      vertex 1.22386 4.7048 12.6999
    endloop
  endfacet
  facet normal -0.871013 0.489403 0.0426784
    outer loop
      vertex 1.5765 5.38539 12.0193
      vertex 1.54129 5.02223 15.4651
      vertex 1.68924 5.27265 15.613
    endloop
  endfacet
  facet normal 0.871013 -0.489403 -0.0426784
    outer loop
      vertex 1.5765 5.38539 12.0193
      vertex 1.68924 5.27265 15.613
      vertex 1.54129 5.02223 15.4651
    endloop
  endfacet
  facet normal -0.925151 0.377394 0.0408629
    outer loop
      vertex 2.61772 7.82511 13.0606
      vertex 1.5765 5.38539 12.0193
      vertex 1.68924 5.27265 15.613
    endloop
  endfacet
  facet normal 0.925151 -0.377394 -0.0408629
    outer loop
      vertex 2.61772 7.82511 13.0606
      vertex 1.68924 5.27265 15.613
      vertex 1.5765 5.38539 12.0193
    endloop
  endfacet
  facet normal -0.862965 0.505202 0.00788987
    outer loop
      vertex 1.68924 5.27265 15.613
      vertex 1.54129 5.02223 15.4651
      vertex 1.54988 5.03082 15.8548
    endloop
  endfacet
  facet normal 0.862965 -0.505202 -0.00788987
    outer loop
      vertex 1.68924 5.27265 15.613
      vertex 1.54988 5.03082 15.8548
      vertex 1.54129 5.02223 15.4651
    endloop
  endfacet
  facet normal -0.466703 0.884378 -0.00799364
    outer loop
      vertex -5.39539 -1.91444 19.3192
      vertex -7.45252 -2.99031 20.395
      vertex -5.33426 -1.85331 22.5133
    endloop
  endfacet
  facet normal 0.466703 -0.884378 0.00799364
    outer loop
      vertex -5.39539 -1.91444 19.3192
      vertex -5.33426 -1.85331 22.5133
      vertex -7.45252 -2.99031 20.395
    endloop
  endfacet
  facet normal -0.413039 0.906277 -0.0897819
    outer loop
      vertex -5.33426 -1.85331 22.5133
      vertex -7.6497 -2.79313 23.6788
      vertex -5.2995 -1.81856 22.7042
    endloop
  endfacet
  facet normal 0.413039 -0.906277 0.0897819
    outer loop
      vertex -5.33426 -1.85331 22.5133
      vertex -5.2995 -1.81856 22.7042
      vertex -7.6497 -2.79313 23.6788
    endloop
  endfacet
  facet normal -0.408855 0.909161 -0.0791438
    outer loop
      vertex -7.45252 -2.99031 20.395
      vertex -7.6497 -2.79313 23.6788
      vertex -5.33426 -1.85331 22.5133
    endloop
  endfacet
  facet normal 0.408855 -0.909161 0.0791438
    outer loop
      vertex -7.45252 -2.99031 20.395
      vertex -5.33426 -1.85331 22.5133
      vertex -7.6497 -2.79313 23.6788
    endloop
  endfacet
  facet normal -0.436353 0.896211 -0.0800174
    outer loop
      vertex -7.45252 -2.99031 20.395
      vertex -9.85819 -4.06559 21.4703
      vertex -7.6497 -2.79313 23.6788
    endloop
  endfacet
  facet normal 0.436353 -0.896211 0.0800174
    outer loop
      vertex -7.45252 -2.99031 20.395
      vertex -7.6497 -2.79313 23.6788
      vertex -9.85819 -4.06559 21.4703
    endloop
  endfacet
  facet normal -0.414489 0.895986 -0.159398
    outer loop
      vertex -10.2848 -3.63901 24.5247
      vertex -11.6711 -4.70922 22.1139
      vertex -11.1642 -4.20228 23.6453
    endloop
  endfacet
  facet normal 0.414489 -0.895986 0.159398
    outer loop
      vertex -10.2848 -3.63901 24.5247
      vertex -11.1642 -4.20228 23.6453
      vertex -11.6711 -4.70922 22.1139
    endloop
  endfacet
  facet normal -0.385287 0.90503 -0.180206
    outer loop
      vertex -9.85819 -4.06559 21.4703
      vertex -11.6711 -4.70922 22.1139
      vertex -10.2848 -3.63901 24.5247
    endloop
  endfacet
  facet normal 0.385287 -0.90503 0.180206
    outer loop
      vertex -9.85819 -4.06559 21.4703
      vertex -10.2848 -3.63901 24.5247
      vertex -11.6711 -4.70922 22.1139
    endloop
  endfacet
  facet normal -0.351999 0.919014 -0.17751
    outer loop
      vertex -9.85819 -4.06559 21.4703
      vertex -10.2848 -3.63901 24.5247
      vertex -7.6497 -2.79313 23.6788
    endloop
  endfacet
  facet normal 0.351999 -0.919014 0.17751
    outer loop
      vertex -9.85819 -4.06559 21.4703
      vertex -7.6497 -2.79313 23.6788
      vertex -10.2848 -3.63901 24.5247
    endloop
  endfacet
  facet normal -0.257627 0.909888 -0.325165
    outer loop
      vertex -10.2848 -3.63901 24.5247
      vertex -11.1642 -4.20228 23.6453
      vertex -10.6842 -3.72234 24.608
    endloop
  endfacet
  facet normal 0.257627 -0.909888 0.325165
    outer loop
      vertex -10.2848 -3.63901 24.5247
      vertex -10.6842 -3.72234 24.608
      vertex -11.1642 -4.20228 23.6453
    endloop
  endfacet
  facet normal -0.921733 0.330374 0.20313
    outer loop
      vertex 3.7887 10.7506 13.616
      vertex 2.61772 7.82511 13.0606
      vertex 3.71404 10.2097 14.1569
    endloop
  endfacet
  facet normal 0.921733 -0.330374 -0.20313
    outer loop
      vertex 3.7887 10.7506 13.616
      vertex 3.71404 10.2097 14.1569
      vertex 2.61772 7.82511 13.0606
    endloop
  endfacet
  facet normal -0.924104 0.33497 0.183921
    outer loop
      vertex 2.96053 9.92242 10.9632
      vertex 2.61772 7.82511 13.0606
      vertex 3.7887 10.7506 13.616
    endloop
  endfacet
  facet normal 0.924104 -0.33497 -0.183921
    outer loop
      vertex 2.96053 9.92242 10.9632
      vertex 3.7887 10.7506 13.616
      vertex 2.61772 7.82511 13.0606
    endloop
  endfacet
  facet normal -0.920512 0.378325 0.0976101
    outer loop
      vertex 3.71404 10.2097 14.1569
      vertex 2.61772 7.82511 13.0606
      vertex 2.90058 7.54225 16.8244
    endloop
  endfacet
  facet normal 0.920512 -0.378325 -0.0976101
    outer loop
      vertex 3.71404 10.2097 14.1569
      vertex 2.90058 7.54225 16.8244
      vertex 2.61772 7.82511 13.0606
    endloop
  endfacet
  facet normal -0.898932 0.426611 0.0996171
    outer loop
      vertex 2.61772 7.82511 13.0606
      vertex 1.68924 5.27265 15.613
      vertex 2.90058 7.54225 16.8244
    endloop
  endfacet
  facet normal 0.898932 -0.426611 -0.0996171
    outer loop
      vertex 2.61772 7.82511 13.0606
      vertex 2.90058 7.54225 16.8244
      vertex 1.68924 5.27265 15.613
    endloop
  endfacet
  facet normal -0.850155 0.525341 0.0354114
    outer loop
      vertex 1.68924 5.27265 15.613
      vertex 1.54988 5.03082 15.8548
      vertex 1.89207 5.37301 18.9936
    endloop
  endfacet
  facet normal 0.850155 -0.525341 -0.0354114
    outer loop
      vertex 1.68924 5.27265 15.613
      vertex 1.89207 5.37301 18.9936
      vertex 1.54988 5.03082 15.8548
    endloop
  endfacet
  facet normal -0.890206 0.453805 0.0399382
    outer loop
      vertex 2.90058 7.54225 16.8244
      vertex 1.68924 5.27265 15.613
      vertex 1.89207 5.37301 18.9936
    endloop
  endfacet
  facet normal 0.890206 -0.453805 -0.0399382
    outer loop
      vertex 2.90058 7.54225 16.8244
      vertex 1.89207 5.37301 18.9936
      vertex 1.68924 5.27265 15.613
    endloop
  endfacet
  facet normal -0.468192 0.880954 -0.0686783
    outer loop
      vertex -5.2995 -1.81856 22.7042
      vertex -5.36351 -1.59837 25.965
      vertex -4.80294 -1.322 25.6886
    endloop
  endfacet
  facet normal 0.468192 -0.880954 0.0686783
    outer loop
      vertex -5.2995 -1.81856 22.7042
      vertex -4.80294 -1.322 25.6886
      vertex -5.36351 -1.59837 25.965
    endloop
  endfacet
  facet normal -0.406574 0.910971 -0.0694956
    outer loop
      vertex -5.2995 -1.81856 22.7042
      vertex -7.6497 -2.79313 23.6788
      vertex -5.36351 -1.59837 25.965
    endloop
  endfacet
  facet normal 0.406574 -0.910971 0.0694956
    outer loop
      vertex -5.2995 -1.81856 22.7042
      vertex -5.36351 -1.59837 25.965
      vertex -7.6497 -2.79313 23.6788
    endloop
  endfacet
  facet normal -0.319065 0.932662 -0.16834
    outer loop
      vertex -7.6497 -2.79313 23.6788
      vertex -8.06235 -2.38048 26.7471
      vertex -5.36351 -1.59837 25.965
    endloop
  endfacet
  facet normal 0.319065 -0.932662 0.16834
    outer loop
      vertex -7.6497 -2.79313 23.6788
      vertex -5.36351 -1.59837 25.965
      vertex -8.06235 -2.38048 26.7471
    endloop
  endfacet
  facet normal -0.350484 0.920831 -0.170974
    outer loop
      vertex -7.6497 -2.79313 23.6788
      vertex -10.2848 -3.63901 24.5247
      vertex -8.06235 -2.38048 26.7471
    endloop
  endfacet
  facet normal 0.350484 -0.920831 0.170974
    outer loop
      vertex -7.6497 -2.79313 23.6788
      vertex -8.06235 -2.38048 26.7471
      vertex -10.2848 -3.63901 24.5247
    endloop
  endfacet
  facet normal -0.250924 0.928208 -0.274712
    outer loop
      vertex -10.2848 -3.63901 24.5247
      vertex -10.6842 -3.72234 24.608
      vertex -8.06235 -2.38048 26.7471
    endloop
  endfacet
  facet normal 0.250924 -0.928208 0.274712
    outer loop
      vertex -10.2848 -3.63901 24.5247
      vertex -8.06235 -2.38048 26.7471
      vertex -10.6842 -3.72234 24.608
    endloop
  endfacet
  facet normal -0.231589 0.9263 -0.297213
    outer loop
      vertex -8.06235 -2.38048 26.7471
      vertex -10.6842 -3.72234 24.608
      vertex -9.64122 -2.67934 27.0459
    endloop
  endfacet
  facet normal 0.231589 -0.9263 0.297213
    outer loop
      vertex -8.06235 -2.38048 26.7471
      vertex -9.64122 -2.67934 27.0459
      vertex -10.6842 -3.72234 24.608
    endloop
  endfacet
  facet normal -0.908593 0.351326 0.225897
    outer loop
      vertex 3.7887 10.7506 13.616
      vertex 3.71404 10.2097 14.1569
      vertex 4.2083 11.1702 14.6511
    endloop
  endfacet
  facet normal 0.908593 -0.351326 -0.225897
    outer loop
      vertex 3.7887 10.7506 13.616
      vertex 4.2083 11.1702 14.6511
      vertex 3.71404 10.2097 14.1569
    endloop
  endfacet
  facet normal -0.907851 0.395409 0.139495
    outer loop
      vertex 4.2083 11.1702 14.6511
      vertex 3.71404 10.2097 14.1569
      vertex 4.64185 11.6037 16.2438
    endloop
  endfacet
  facet normal 0.907851 -0.395409 -0.139495
    outer loop
      vertex 4.2083 11.1702 14.6511
      vertex 4.64185 11.6037 16.2438
      vertex 3.71404 10.2097 14.1569
    endloop
  endfacet
  facet normal -0.904388 0.406182 0.130759
    outer loop
      vertex 4.64185 11.6037 16.2438
      vertex 3.71404 10.2097 14.1569
      vertex 4.09983 9.82394 18.0236
    endloop
  endfacet
  facet normal 0.904388 -0.406182 -0.130759
    outer loop
      vertex 4.64185 11.6037 16.2438
      vertex 4.09983 9.82394 18.0236
      vertex 3.71404 10.2097 14.1569
    endloop
  endfacet
  facet normal -0.90423 0.406527 0.130778
    outer loop
      vertex 3.71404 10.2097 14.1569
      vertex 2.90058 7.54225 16.8244
      vertex 4.09983 9.82394 18.0236
    endloop
  endfacet
  facet normal 0.90423 -0.406527 -0.130778
    outer loop
      vertex 3.71404 10.2097 14.1569
      vertex 4.09983 9.82394 18.0236
      vertex 2.90058 7.54225 16.8244
    endloop
  endfacet
  facet normal -0.894246 0.446517 0.0307716
    outer loop
      vertex 2.90058 7.54225 16.8244
      vertex 1.89207 5.37301 18.9936
      vertex 1.91445 5.39539 19.3192
    endloop
  endfacet
  facet normal 0.894246 -0.446517 -0.0307716
    outer loop
      vertex 2.90058 7.54225 16.8244
      vertex 1.91445 5.39539 19.3192
      vertex 1.89207 5.37301 18.9936
    endloop
  endfacet
  facet normal -0.89276 0.449268 0.0337265
    outer loop
      vertex 2.90058 7.54225 16.8244
      vertex 1.91445 5.39539 19.3192
      vertex 2.99031 7.45252 20.395
    endloop
  endfacet
  facet normal 0.89276 -0.449268 -0.0337265
    outer loop
      vertex 2.90058 7.54225 16.8244
      vertex 2.99031 7.45252 20.395
      vertex 1.91445 5.39539 19.3192
    endloop
  endfacet
  facet normal -0.891871 0.45103 0.0337484
    outer loop
      vertex 4.09983 9.82394 18.0236
      vertex 2.90058 7.54225 16.8244
      vertex 2.99031 7.45252 20.395
    endloop
  endfacet
  facet normal 0.891871 -0.45103 -0.0337484
    outer loop
      vertex 4.09983 9.82394 18.0236
      vertex 2.99031 7.45252 20.395
      vertex 2.90058 7.54225 16.8244
    endloop
  endfacet
  facet normal -0.884378 0.466704 -0.00799388
    outer loop
      vertex 1.91445 5.39539 19.3192
      vertex 1.85331 5.33426 22.5133
      vertex 2.99031 7.45252 20.395
    endloop
  endfacet
  facet normal 0.884378 -0.466704 0.00799388
    outer loop
      vertex 1.91445 5.39539 19.3192
      vertex 2.99031 7.45252 20.395
      vertex 1.85331 5.33426 22.5133
    endloop
  endfacet
  facet normal -0.440622 0.897684 0.00397148
    outer loop
      vertex -4.80294 -1.322 25.6886
      vertex -5.36351 -1.59837 25.965
      vertex -4.81015 -1.32921 26.5183
    endloop
  endfacet
  facet normal 0.440622 -0.897684 -0.00397148
    outer loop
      vertex -4.80294 -1.322 25.6886
      vertex -4.81015 -1.32921 26.5183
      vertex -5.36351 -1.59837 25.965
    endloop
  endfacet
  facet normal -0.365644 0.924702 -0.105975
    outer loop
      vertex -4.81015 -1.32921 26.5183
      vertex -5.61905 -1.34283 29.1904
      vertex -4.38652 -0.90558 28.7531
    endloop
  endfacet
  facet normal 0.365644 -0.924702 0.105975
    outer loop
      vertex -4.81015 -1.32921 26.5183
      vertex -4.38652 -0.90558 28.7531
      vertex -5.61905 -1.34283 29.1904
    endloop
  endfacet
  facet normal -0.351183 0.930782 -0.101567
    outer loop
      vertex -5.36351 -1.59837 25.965
      vertex -5.61905 -1.34283 29.1904
      vertex -4.81015 -1.32921 26.5183
    endloop
  endfacet
  facet normal 0.351183 -0.930782 0.101567
    outer loop
      vertex -5.36351 -1.59837 25.965
      vertex -4.81015 -1.32921 26.5183
      vertex -5.61905 -1.34283 29.1904
    endloop
  endfacet
  facet normal -0.303365 0.947705 -0.0991189
    outer loop
      vertex -5.36351 -1.59837 25.965
      vertex -8.06235 -2.38048 26.7471
      vertex -5.61905 -1.34283 29.1904
    endloop
  endfacet
  facet normal 0.303365 -0.947705 0.0991189
    outer loop
      vertex -5.36351 -1.59837 25.965
      vertex -5.61905 -1.34283 29.1904
      vertex -8.06235 -2.38048 26.7471
    endloop
  endfacet
  facet normal -0.259682 0.94613 -0.1934
    outer loop
      vertex -8.59312 -1.84971 29.6973
      vertex -9.64122 -2.67934 27.0459
      vertex -9.01235 -2.05047 29.278
    endloop
  endfacet
  facet normal 0.259682 -0.94613 0.1934
    outer loop
      vertex -8.59312 -1.84971 29.6973
      vertex -9.01235 -2.05047 29.278
      vertex -9.64122 -2.67934 27.0459
    endloop
  endfacet
  facet normal -0.220198 0.95237 -0.210962
    outer loop
      vertex -8.06235 -2.38048 26.7471
      vertex -9.64122 -2.67934 27.0459
      vertex -8.59312 -1.84971 29.6973
    endloop
  endfacet
  facet normal 0.220198 -0.95237 0.210962
    outer loop
      vertex -8.06235 -2.38048 26.7471
      vertex -8.59312 -1.84971 29.6973
      vertex -9.64122 -2.67934 27.0459
    endloop
  endfacet
  facet normal -0.198684 0.957725 -0.208055
    outer loop
